,iter,feature,MAE,MSE,RMSE
0,0,morgan_short,2.490752748703223,11.571306502702326,3.4016623146194753
1,1,morgan_short,2.1202163031017025,8.832228488000174,2.971906540926241
2,2,morgan_short,2.748683003176987,16.226971644201313,4.028271545489618
3,3,morgan_short,2.6805059591418985,13.193713295659519,3.6323151426685873
4,4,morgan_short,2.606777135573413,13.018539876480936,3.608121377736749
5,5,morgan_short,2.469156485666744,10.743789583829706,3.2777720457392556
6,6,morgan_short,2.2032693352533044,9.109653232757925,3.018220209454228
7,7,morgan_short,2.4150979147543197,10.151843163812968,3.1861957196338344
8,8,morgan_short,2.6404405214134625,13.029855729243895,3.6096891457913514
9,9,morgan_short,2.3667388408066645,9.15499787677443,3.0257227032189236
10,10,morgan_short,2.449992566027419,11.93238415106677,3.454328321261135
11,11,morgan_short,2.707197961727528,16.572731441364823,4.070961979847616
12,12,morgan_short,3.0548167609960055,17.46313086823347,4.1788911050939666
13,13,morgan_short,2.5706631898471928,11.855400037968414,3.443167152197002
14,14,morgan_short,2.6368991839984393,12.224781333233427,3.496395477235581
15,15,morgan_short,2.3525475064475816,9.996637363522524,3.1617459359541407
16,16,morgan_short,2.437015221628871,12.72683955248669,3.567469628810691
17,17,morgan_short,2.5464990219487778,9.771302917195603,3.1259083347397767
18,18,morgan_short,2.52334467696027,11.84584998790664,3.441780060943267
19,19,morgan_short,2.581486376660771,13.721535936189989,3.7042591615854836
20,20,morgan_short,2.229535490863464,9.510825648238143,3.083962653508979
21,21,morgan_short,2.3487810016308295,9.051075862556015,3.0085006003915
22,22,morgan_short,2.29928811769858,11.22128358209829,3.349818440169301
23,23,morgan_short,2.689704332318995,14.472245554991185,3.8042404701847103
24,24,morgan_short,2.434454394293005,11.76924450530772,3.4306332513557494
25,25,morgan_short,2.394562420803749,10.804405163391923,3.2870055009677004
26,26,morgan_short,2.3089767551258102,8.99939546217855,2.999899242004396
27,27,morgan_short,2.272862603162849,9.14673617966763,3.0243571514732897
28,28,morgan_short,2.847453267971763,17.627227194659362,4.198479152581249
29,29,morgan_short,2.3647190948109866,8.590962839685687,2.931034431678633
30,30,morgan_short,2.3148602343927616,9.542262290444082,3.089055242374937
31,31,morgan_short,2.465435999785359,9.70498392752791,3.1152823190728496
32,32,morgan_short,2.73814122259932,16.47074248375821,4.058416253140899
33,33,morgan_short,2.5690153934156035,15.120084829498769,3.8884553269259463
34,34,morgan_short,2.560421626196731,12.435708855132983,3.5264300439868337
35,35,morgan_short,2.296933029543029,10.146263924747691,3.185320066295959
36,36,morgan_short,2.2403577225453932,8.420113296067436,2.901743147845349
37,37,morgan_short,2.929835291171648,16.02510796925656,4.003137265852441
38,38,morgan_short,2.4603279829776983,11.208194738095997,3.34786420544442
39,39,morgan_short,2.7113628952945135,15.92100267331054,3.990113115352814
40,40,morgan_short,2.5806041597812848,12.243434933560494,3.499062007675842
41,41,morgan_short,2.5273246377983165,11.162184588119914,3.3409855713726024
42,42,morgan_short,2.549343989752572,12.584239943231683,3.547427228743626
43,43,morgan_short,2.5960061951164635,12.693128703271217,3.562741739625708
44,44,morgan_short,2.137610987557583,8.593998469070408,2.931552228610367
45,45,morgan_short,2.4276049537416293,8.984713663706883,2.9974511945496096
46,46,morgan_short,2.458881647235417,11.245700177929688,3.353460925361989
47,47,morgan_short,2.3044666569506136,9.400644700172503,3.066047080553804
48,48,morgan_short,2.709717770794155,13.049956455597814,3.6124723466897035
49,49,morgan_short,2.3282881670280324,7.797836395847438,2.792460634610171
50,50,morgan_short,2.3038961145022534,10.146546862885145,3.18536447881324
51,51,morgan_short,2.550405522381702,12.351127904429276,3.51441715003061
52,52,morgan_short,2.416933548145544,12.733290650680402,3.56837367027059
53,53,morgan_short,2.3241378346623613,10.062307382368227,3.172114024175081
54,54,morgan_short,2.332576000016614,9.537531166603362,3.0882893592737326
55,55,morgan_short,2.5671999523522158,11.100999353508387,3.3318162244500202
56,56,morgan_short,2.976546486675379,16.454736364863408,4.056443807679752
57,57,morgan_short,2.566745239683902,12.75146434620261,3.5709192578666085
58,58,morgan_short,2.6337207450744797,14.782429315468478,3.8447924931611692
59,59,morgan_short,2.4182246104635827,11.910811257712115,3.4512043199022737
60,60,morgan_short,2.3333134790006493,10.877893436350705,3.298165162078865
61,61,morgan_short,2.2792455268704783,9.172991150315681,3.028694628105594
62,62,morgan_short,2.5792487190949345,13.238207044038447,3.6384346969594556
63,63,morgan_short,2.52742762138315,12.093306937697786,3.4775432330451026
64,64,morgan_short,2.688996285248848,12.693964758772484,3.562859070854822
65,65,morgan_short,2.531986649939657,14.83650824398971,3.851818822840673
66,66,morgan_short,2.868469659877933,15.16968136113941,3.89482751365698
67,67,morgan_short,2.187171781709248,9.294843553078053,3.048744586395858
68,68,morgan_short,2.7246265377587284,14.43176903273821,3.7989168236140958
69,69,morgan_short,2.4410262090246366,11.422769395182055,3.3797587776618103
70,70,morgan_short,2.6508753541580496,15.326984220102718,3.914969248934494
71,71,morgan_short,2.626291742357261,12.431628834807384,3.5258515049286157
72,72,morgan_short,2.5010121901870246,12.409441169638859,3.5227036732655868
73,73,morgan_short,2.4582292447730736,10.163245155612366,3.187984497392101
74,74,morgan_short,2.484384961825732,12.085977396174115,3.4764892342957308
75,75,morgan_short,2.8321858159665294,15.618563582651772,3.952032841798227
76,76,morgan_short,2.3127723120155674,8.886835425401214,2.9810795738123486
77,77,morgan_short,2.608903751117646,14.19661487622856,3.767839550223518
78,78,morgan_short,2.31204266950948,11.612063694506546,3.4076478243073396
79,79,morgan_short,2.4694646109094265,11.142308566109957,3.3380096713625558
80,80,morgan_short,2.4764649241263186,12.482457764788455,3.533052188234481
81,81,morgan_short,2.848486616601384,18.090850223939587,4.253334012741015
82,82,morgan_short,2.3737754904478403,12.159805266149402,3.487091232839973
83,83,morgan_short,2.6036040439423114,14.369237361850415,3.7906776916338343
84,84,morgan_short,2.5537278500022067,10.439205892328333,3.230975996866633
85,85,morgan_short,2.8192560793937083,17.054109547456136,4.1296621589975295
86,86,morgan_short,2.2572134032299016,9.794527129674123,3.1296209242772712
87,87,morgan_short,2.114163957530312,7.196562152067428,2.6826408913731683
88,88,morgan_short,2.515239778050443,12.970407446107284,3.601445188546854
89,89,morgan_short,2.3897580190981422,8.719021122685916,2.9527988625515817
90,90,morgan_short,2.6559734239127413,13.191649124505862,3.632030991677502
91,91,morgan_short,2.5197426645693795,12.460991442669338,3.530012952195691
92,92,morgan_short,2.520320051007603,12.314404649146054,3.509188602675276
93,93,morgan_short,2.694858309736113,13.749434365241601,3.708022972588169
94,94,morgan_short,2.1996247281916745,9.667964966707634,3.109335132581825
95,95,morgan_short,2.41461934467701,11.449839033588457,3.3837610780887672
96,96,morgan_short,2.4412906229248112,9.63644856472987,3.1042629664269534
97,97,morgan_short,2.639001515290106,10.997341772621379,3.3162240232863307
98,98,morgan_short,2.851066879882745,16.432023976588688,4.053643296663964
99,99,morgan_short,2.79086244260154,13.565159870651932,3.6830910755304345
