,iter,feature,MAE,MSE,RMSE
0,0,morgan_short,2.490752748703223,11.571306502702326,3.4016623146194753
1,1,morgan_short,2.1202163031017025,8.832228488000174,2.971906540926241
2,2,morgan_short,2.748683003176987,16.226971644201313,4.028271545489618
3,3,morgan_short,2.6805059591418985,13.193713295659519,3.6323151426685873
4,4,morgan_short,2.606777135573413,13.018539876480936,3.608121377736749
5,5,morgan_short,2.469156485666744,10.743789583829706,3.2777720457392556
6,6,morgan_short,2.2032693352533044,9.109653232757925,3.018220209454228
7,7,morgan_short,2.4150979147543197,10.151843163812968,3.1861957196338344
8,8,morgan_short,2.6404405214134625,13.029855729243895,3.6096891457913514
9,9,morgan_short,2.3667388408066645,9.15499787677443,3.0257227032189236
10,10,morgan_short,2.449992566027419,11.93238415106677,3.454328321261135
11,11,morgan_short,2.707197961727528,16.572731441364823,4.070961979847616
12,12,morgan_short,3.0548167609960055,17.46313086823347,4.1788911050939666
13,13,morgan_short,2.5706631898471928,11.855400037968414,3.443167152197002
14,14,morgan_short,2.6368991839984393,12.224781333233427,3.496395477235581
15,15,morgan_short,2.3525475064475816,9.996637363522524,3.1617459359541407
16,16,morgan_short,2.437015221628871,12.72683955248669,3.567469628810691
17,17,morgan_short,2.5464990219487778,9.771302917195603,3.1259083347397767
18,18,morgan_short,2.52334467696027,11.84584998790664,3.441780060943267
19,19,morgan_short,2.581486376660771,13.721535936189989,3.7042591615854836
20,20,morgan_short,2.229535490863464,9.510825648238143,3.083962653508979
21,21,morgan_short,2.3487810016308295,9.051075862556015,3.0085006003915
22,22,morgan_short,2.29928811769858,11.22128358209829,3.349818440169301
23,23,morgan_short,2.689704332318995,14.472245554991185,3.8042404701847103
24,24,morgan_short,2.434454394293005,11.76924450530772,3.4306332513557494
25,25,morgan_short,2.394562420803749,10.804405163391923,3.2870055009677004
26,26,morgan_short,2.3089767551258102,8.99939546217855,2.999899242004396
27,27,morgan_short,2.272862603162849,9.14673617966763,3.0243571514732897
28,28,morgan_short,2.847453267971763,17.627227194659362,4.198479152581249
29,29,morgan_short,2.3647190948109866,8.590962839685687,2.931034431678633
30,30,morgan_short,2.3148602343927616,9.542262290444082,3.089055242374937
31,31,morgan_short,2.465435999785359,9.70498392752791,3.1152823190728496
32,32,morgan_short,2.73814122259932,16.47074248375821,4.058416253140899
33,33,morgan_short,2.5690153934156035,15.120084829498769,3.8884553269259463
34,34,morgan_short,2.560421626196731,12.435708855132983,3.5264300439868337
35,35,morgan_short,2.296933029543029,10.146263924747691,3.185320066295959
36,36,morgan_short,2.2403577225453932,8.420113296067436,2.901743147845349
37,37,morgan_short,2.929835291171648,16.02510796925656,4.003137265852441
38,38,morgan_short,2.4603279829776983,11.208194738095997,3.34786420544442
39,39,morgan_short,2.7113628952945135,15.92100267331054,3.990113115352814
40,40,morgan_short,2.5806041597812848,12.243434933560494,3.499062007675842
41,41,morgan_short,2.5273246377983165,11.162184588119914,3.3409855713726024
42,42,morgan_short,2.549343989752572,12.584239943231683,3.547427228743626
43,43,morgan_short,2.5960061951164635,12.693128703271217,3.562741739625708
44,44,morgan_short,2.137610987557583,8.593998469070408,2.931552228610367
45,45,morgan_short,2.4276049537416293,8.984713663706883,2.9974511945496096
46,46,morgan_short,2.458881647235417,11.245700177929688,3.353460925361989
47,47,morgan_short,2.3044666569506136,9.400644700172503,3.066047080553804
48,48,morgan_short,2.709717770794155,13.049956455597814,3.6124723466897035
49,49,morgan_short,2.3282881670280324,7.797836395847438,2.792460634610171
50,50,morgan_short,2.3038961145022534,10.146546862885145,3.18536447881324
51,51,morgan_short,2.550405522381702,12.351127904429276,3.51441715003061
52,52,morgan_short,2.416933548145544,12.733290650680402,3.56837367027059
53,53,morgan_short,2.3241378346623613,10.062307382368227,3.172114024175081
54,54,morgan_short,2.332576000016614,9.537531166603362,3.0882893592737326
55,55,morgan_short,2.5671999523522158,11.100999353508387,3.3318162244500202
56,56,morgan_short,2.976546486675379,16.454736364863408,4.056443807679752
57,57,morgan_short,2.566745239683902,12.75146434620261,3.5709192578666085
58,58,morgan_short,2.6337207450744797,14.782429315468478,3.8447924931611692
59,59,morgan_short,2.4182246104635827,11.910811257712115,3.4512043199022737
60,60,morgan_short,2.3333134790006493,10.877893436350705,3.298165162078865
61,61,morgan_short,2.2792455268704783,9.172991150315681,3.028694628105594
62,62,morgan_short,2.5792487190949345,13.238207044038447,3.6384346969594556
63,63,morgan_short,2.52742762138315,12.093306937697786,3.4775432330451026
64,64,morgan_short,2.688996285248848,12.693964758772484,3.562859070854822
65,65,morgan_short,2.531986649939657,14.83650824398971,3.851818822840673
66,66,morgan_short,2.868469659877933,15.16968136113941,3.89482751365698
67,67,morgan_short,2.187171781709248,9.294843553078053,3.048744586395858
68,68,morgan_short,2.7246265377587284,14.43176903273821,3.7989168236140958
69,69,morgan_short,2.4410262090246366,11.422769395182055,3.3797587776618103
70,70,morgan_short,2.6508753541580496,15.326984220102718,3.914969248934494
71,71,morgan_short,2.626291742357261,12.431628834807384,3.5258515049286157
72,72,morgan_short,2.5010121901870246,12.409441169638859,3.5227036732655868
73,73,morgan_short,2.4582292447730736,10.163245155612366,3.187984497392101
74,74,morgan_short,2.484384961825732,12.085977396174115,3.4764892342957308
75,75,morgan_short,2.8321858159665294,15.618563582651772,3.952032841798227
76,76,morgan_short,2.3127723120155674,8.886835425401214,2.9810795738123486
77,77,morgan_short,2.608903751117646,14.19661487622856,3.767839550223518
78,78,morgan_short,2.31204266950948,11.612063694506546,3.4076478243073396
79,79,morgan_short,2.4694646109094265,11.142308566109957,3.3380096713625558
80,80,morgan_short,2.4764649241263186,12.482457764788455,3.533052188234481
81,81,morgan_short,2.848486616601384,18.090850223939587,4.253334012741015
82,82,morgan_short,2.3737754904478403,12.159805266149402,3.487091232839973
83,83,morgan_short,2.6036040439423114,14.369237361850415,3.7906776916338343
84,84,morgan_short,2.5537278500022067,10.439205892328333,3.230975996866633
85,85,morgan_short,2.8192560793937083,17.054109547456136,4.1296621589975295
86,86,morgan_short,2.2572134032299016,9.794527129674123,3.1296209242772712
87,87,morgan_short,2.114163957530312,7.196562152067428,2.6826408913731683
88,88,morgan_short,2.515239778050443,12.970407446107284,3.601445188546854
89,89,morgan_short,2.3897580190981422,8.719021122685916,2.9527988625515817
90,90,morgan_short,2.6559734239127413,13.191649124505862,3.632030991677502
91,91,morgan_short,2.5197426645693795,12.460991442669338,3.530012952195691
92,92,morgan_short,2.520320051007603,12.314404649146054,3.509188602675276
93,93,morgan_short,2.694858309736113,13.749434365241601,3.708022972588169
94,94,morgan_short,2.1996247281916745,9.667964966707634,3.109335132581825
95,95,morgan_short,2.41461934467701,11.449839033588457,3.3837610780887672
96,96,morgan_short,2.4412906229248112,9.63644856472987,3.1042629664269534
97,97,morgan_short,2.639001515290106,10.997341772621379,3.3162240232863307
98,98,morgan_short,2.851066879882745,16.432023976588688,4.053643296663964
99,99,morgan_short,2.79086244260154,13.565159870651932,3.6830910755304345
100,0,morgan_long,2.3926562726098277,10.515665734411487,3.2427867235468146
101,1,morgan_long,2.3464852007168964,10.855396063648996,3.2947528076699464
102,2,morgan_long,2.433757110451169,10.247136127141811,3.201114825672739
103,3,morgan_long,2.44906044878744,11.43237908687484,3.3811801322725827
104,4,morgan_long,2.663707787438661,12.409160166261236,3.5226637884222267
105,5,morgan_long,2.622544605487533,14.29364791223394,3.780694104557249
106,6,morgan_long,2.481518325962662,12.802579990777655,3.57806931050499
107,7,morgan_long,2.254435292578249,8.423809992986234,2.9023800566063422
108,8,morgan_long,2.635105480061891,14.506230240709085,3.808704535758725
109,9,morgan_long,2.6492841279025323,14.306436700135503,3.7823850544511597
110,10,morgan_long,2.7259561481583816,12.971437093890822,3.6015881349608567
111,11,morgan_long,2.372714281053595,9.423217452101907,3.06972595716652
112,12,morgan_long,2.3051305962390747,10.204160306123605,3.194395139321935
113,13,morgan_long,2.2088053012183964,8.423287877976904,2.9022901092028865
114,14,morgan_long,2.2329985763814366,8.152627353162272,2.855280608480062
115,15,morgan_long,2.466845166242803,9.475499028284393,3.078229853062372
116,16,morgan_long,2.4846475959675764,11.49945432682209,3.3910845354874435
117,17,morgan_long,2.562502680463824,11.313881181539404,3.3636113303322372
118,18,morgan_long,2.375194465773799,9.896750214774755,3.145910077350393
119,19,morgan_long,2.3767042793103537,9.328676028836778,3.054288137821443
120,20,morgan_long,2.2540112939733747,10.311171198058,3.2111012438193227
121,21,morgan_long,2.869781834983511,15.688315691731827,3.9608478501113655
122,22,morgan_long,2.2315299473648684,10.061163021944251,3.171933640848158
123,23,morgan_long,2.5840628496231735,10.816751555477774,3.2888830255084742
124,24,morgan_long,2.3552431011802333,8.608229125982936,2.933978378581365
125,25,morgan_long,2.4544673888409365,10.322765496285415,3.2129060827054086
126,26,morgan_long,2.4279431632866726,10.51881040745876,3.24327155931457
127,27,morgan_long,2.4943441219490667,10.618441567429691,3.258595029676086
128,28,morgan_long,2.400615530353118,10.453883359162287,3.2332465664038503
129,29,morgan_long,2.244043904275493,8.958900751126308,2.993142287150129
130,30,morgan_long,2.416276687441944,11.473837549479194,3.387305352264421
131,31,morgan_long,2.2786830187197697,8.515605091959594,2.9181509714131644
132,32,morgan_long,2.6482657421645066,13.901692726805834,3.728497381896068
133,33,morgan_long,2.3860209418349214,9.874130562686716,3.142312932011501
134,34,morgan_long,2.508355753726152,12.483054877525854,3.5331366910333166
135,35,morgan_long,2.743537568024921,15.996005051626769,3.9995006002783358
136,36,morgan_long,2.6095027984232213,11.705635840259783,3.421350002595435
137,37,morgan_long,2.4674362329260617,12.971510521997521,3.60159832879758
138,38,morgan_long,2.134929639177569,7.145711176839598,2.6731463066655365
139,39,morgan_long,2.349829370334739,8.537907129768382,2.92196973457433
140,40,morgan_long,2.212903108522604,8.486763138860516,2.913204959981449
141,41,morgan_long,2.518850786688349,14.533819674401416,3.81232470736707
142,42,morgan_long,2.447190480628143,10.095817386947479,3.17739160113252
143,43,morgan_long,2.8007167029196762,15.070444491465567,3.882067038507394
144,44,morgan_long,2.3452807524257895,10.611471525931549,3.2575253684248646
145,45,morgan_long,2.6912616066689403,15.30981134130187,3.912775401336227
146,46,morgan_long,2.5567778250332855,10.99286726908909,3.3155493163409724
147,47,morgan_long,2.2196104584747403,8.463299547102746,2.909175062986541
148,48,morgan_long,1.9625633508519786,6.098844237085196,2.4695838185988332
149,49,morgan_long,2.379720797705545,11.092413749433643,3.330527548217195
150,50,morgan_long,2.27082243959821,8.162420781637918,2.8569950615354442
151,51,morgan_long,2.4764100661282926,9.577587368959202,3.0947677407132193
152,52,morgan_long,2.3702691554539754,10.374867778378375,3.221004156839661
153,53,morgan_long,2.346144752286215,12.189152943784613,3.4912967424417842
154,54,morgan_long,2.427845423301614,11.359422146890218,3.3703741849964106
155,55,morgan_long,2.44001652703985,11.416011501739774,3.3787588700201403
156,56,morgan_long,2.307573759188567,8.780868539956316,2.9632530334003397
157,57,morgan_long,2.672817747399268,15.178234870684348,3.895925419035168
158,58,morgan_long,2.4469201873245168,10.551174523059963,3.2482571516214604
159,59,morgan_long,2.446383111814325,12.708909633612153,3.564955768815674
160,60,morgan_long,2.4005652758811746,10.22414161939213,3.1975211679349567
161,61,morgan_long,2.5799473041717214,13.363861398717999,3.6556615541811306
162,62,morgan_long,2.634880616536409,13.793653219168343,3.713980777975075
163,63,morgan_long,2.567045545141509,13.085433854348375,3.6173794180799415
164,64,morgan_long,2.3065676989294532,8.723525926089602,2.953561566327948
165,65,morgan_long,2.4192491243593053,9.933828483682962,3.151797659064262
166,66,morgan_long,2.68933250126339,13.622485851714478,3.6908651901301512
167,67,morgan_long,2.660745584688135,14.232376280168078,3.772582176728305
168,68,morgan_long,2.3483828523876125,9.790300129588584,3.12894552998108
169,69,morgan_long,2.499217554901501,11.610505523410103,3.4074191880967777
170,70,morgan_long,2.647863067682056,15.025068930692074,3.87621838016024
171,71,morgan_long,2.351823668296078,13.170665542993547,3.6291411577663313
172,72,morgan_long,2.5661249103584,14.041225971760996,3.7471623892968657
173,73,morgan_long,2.393630045282522,10.525836047491119,3.2443544885679674
174,74,morgan_long,2.4659672048886376,10.335294300345366,3.2148552534049437
175,75,morgan_long,2.2285934879884075,10.391427363852943,3.2235736944969853
176,76,morgan_long,2.4127448113064855,11.531083852526917,3.395744962821401
177,77,morgan_long,2.2479776707340067,8.867776721571575,2.9778812470566343
178,78,morgan_long,2.1958632578489676,7.1191104450408025,2.668166120210809
179,79,morgan_long,2.412429101915256,9.928667564337914,3.1509788263867966
180,80,morgan_long,2.457011790323878,11.07555911567497,3.327996261367337
181,81,morgan_long,2.489582739458413,12.795250162672227,3.577044892459728
182,82,morgan_long,2.405252296072725,12.612835451711199,3.551455399087985
183,83,morgan_long,2.507303991986855,13.289621784122318,3.6454933526372417
184,84,morgan_long,2.315313119988643,8.59350850487714,2.9314686600537176
185,85,morgan_long,2.5294622377327682,10.529947825711915,3.2449881087165657
186,86,morgan_long,2.8186307403542843,15.14737848351159,3.891963319908294
187,87,morgan_long,2.522315423675181,13.920368459721015,3.7310009996944538
188,88,morgan_long,2.481944685594511,12.225041765751325,3.4964327200378564
189,89,morgan_long,2.4424227526594326,11.167942615026426,3.341847186067374
190,90,morgan_long,2.7652057029465222,14.604047670116428,3.821524260045516
191,91,morgan_long,2.7071048748649003,15.32302909067688,3.9144640872892014
192,92,morgan_long,2.5116691118624095,10.536811120705503,3.2460454588168512
193,93,morgan_long,2.218262420227031,7.669698160915337,2.7694219904007653
194,94,morgan_long,2.687025138471482,14.69950693900222,3.8339936018468026
195,95,morgan_long,2.4930591796976485,13.05485549223658,3.6131503556088806
196,96,morgan_long,2.411590524745011,10.15545487516089,3.186762444105442
197,97,morgan_long,2.4970731182666155,10.396984803647282,3.2244355790815984
198,98,morgan_long,2.455711454826813,10.521527101874774,3.2436903523417233
199,99,morgan_long,2.4346839322479634,12.425885104137707,3.5250368940108565
200,0,top_short,2.4718332957032594,11.40985366023778,3.3778474891915677
201,1,top_short,2.717276882196072,12.657789509658347,3.5577787325321886
202,2,top_short,2.583994476285387,11.731481856718476,3.425125086287868
203,3,top_short,2.471371171211327,13.163022051904415,3.6280879333203067
204,4,top_short,2.5961552308347686,12.246518654935167,3.499502629651129
205,5,top_short,2.6531598263618434,12.911376179734466,3.593240345389446
206,6,top_short,2.3700985126246352,9.787569631559784,3.1285091707648522
207,7,top_short,2.7837751806340783,14.806289281158026,3.8478941359083705
208,8,top_short,2.7174838768403333,12.274008567114047,3.5034281164473815
209,9,top_short,2.80865494496087,14.662580629372398,3.8291749280194027
210,10,top_short,2.463112896911592,9.966254178122846,3.1569374681996547
211,11,top_short,2.651686629567281,11.192900506673906,3.345579248302737
212,12,top_short,2.654679034017233,12.25597717089362,3.5008537774225332
213,13,top_short,2.4044651282931304,9.346037109345943,3.0571288996942774
214,14,top_short,2.6177114602685907,12.20600901553883,3.4937099214930294
215,15,top_short,2.839426997703972,16.577165192090256,4.071506501540954
216,16,top_short,2.6482791370492706,12.584414863581042,3.547451883194618
217,17,top_short,2.906134339504581,15.655866072884768,3.9567494326637322
218,18,top_short,2.6086670174932323,11.593275935212906,3.404890003394075
219,19,top_short,2.7096625197951902,13.430276963569572,3.664734228231233
220,20,top_short,2.739254659593377,13.614001747351605,3.6897156729688
221,21,top_short,2.7669632842073897,15.710615342332192,3.9636618602413844
222,22,top_short,2.7797124964531164,13.931870925990887,3.7325421532771585
223,23,top_short,2.735831204713616,12.999913501935561,3.605539280320707
224,24,top_short,2.520975882720537,11.281470202298264,3.3587899908
225,25,top_short,2.563055013346516,12.426847537374247,3.5251734052914685
226,26,top_short,2.607255321921797,11.80656358310376,3.4360680411050883
227,27,top_short,2.7290691470256085,13.581526367280604,3.685312248274304
228,28,top_short,3.040781522064153,17.312537713104575,4.160833776192528
229,29,top_short,2.7555021324955478,13.519016441069152,3.676821513354864
230,30,top_short,2.666094580096031,11.360709803508719,3.370565205348907
231,31,top_short,2.506689695944286,10.991186116186674,3.315295781101088
232,32,top_short,2.6379718956764964,11.8138787005607,3.437132336783194
233,33,top_short,2.899399535697826,15.537321365556876,3.941740905432126
234,34,top_short,2.6248959600799964,11.65409606791246,3.413809612136046
235,35,top_short,2.5878529903570198,11.365305169271666,3.37124682710591
236,36,top_short,2.6321690355101635,11.41916740616662,3.379225859004784
237,37,top_short,2.3941477995998457,9.910933051247179,3.148163440999717
238,38,top_short,2.176321324931793,7.638177668471274,2.763725324353213
239,39,top_short,2.7796222715966192,14.345616645707288,3.787560777823544
240,40,top_short,2.62440743786808,11.393351767754483,3.3754039414201205
241,41,top_short,2.5456073830479222,10.124401867092773,3.1818865264325145
242,42,top_short,2.961660182327821,15.54958435852011,3.9432961286872827
243,43,top_short,2.45425384291814,10.700010473288696,3.2710870476477227
244,44,top_short,2.5469720758371768,10.466556112125618,3.2352057294901075
245,45,top_short,2.79299834083824,12.358541989248705,3.5154718017996824
246,46,top_short,2.6271010571915587,11.623568346850535,3.4093354699780622
247,47,top_short,2.5947481123097735,12.70653834471531,3.564623170086189
248,48,top_short,2.6683856237726435,13.034875946706073,3.610384459681001
249,49,top_short,2.8603371503252437,15.45246701691246,3.9309626069084476
250,50,top_short,2.7915953137372163,15.092390799411692,3.884892636793415
251,51,top_short,2.7387880457883687,13.06799294172524,3.6149679032773223
252,52,top_short,2.694272037755394,13.706195129615951,3.7021878841593048
253,53,top_short,2.847182983187043,15.976964191486694,3.9971194867662754
254,54,top_short,2.9214785274313746,14.111410460423526,3.7565157340843824
255,55,top_short,2.796974142121389,13.699189404718393,3.7012416031270363
256,56,top_short,3.0746002160880543,18.96053685694334,4.354369857619279
257,57,top_short,2.822544397945169,12.757223398950604,3.571725549219957
258,58,top_short,2.7617915833246527,14.600619056888352,3.8210756413460794
259,59,top_short,2.6597348241467142,12.196034211232886,3.492282092161641
260,60,top_short,2.598268175975906,10.79085572763764,3.284943793680135
261,61,top_short,2.8119478992547147,13.094810971153366,3.6186753061242407
262,62,top_short,2.8049446806465275,15.85108216478319,3.98134175433147
263,63,top_short,2.6710975334514138,13.041631999051223,3.6113199801528557
264,64,top_short,2.620040317839088,11.706374243583406,3.421457911999416
265,65,top_short,2.6266809894519407,12.568316530379956,3.545182157573847
266,66,top_short,2.891682611114461,15.662143151002324,3.957542564648209
267,67,top_short,3.1081723952500924,18.735615356192728,4.328465704634002
268,68,top_short,2.6187485109607085,10.770339800820791,3.2818195868787168
269,69,top_short,2.3113790540500885,9.346736627570245,3.0572433052621513
270,70,top_short,2.6167232867458305,12.1380850590515,3.4839754676305486
271,71,top_short,2.884093706298011,12.751234775306019,3.5708871132123483
272,72,top_short,2.7365284615699026,13.630116912603325,3.6918988220972855
273,73,top_short,2.9045701292107866,15.647287140534067,3.955665195707805
274,74,top_short,2.944923785046229,16.74240105234409,4.091747921407682
275,75,top_short,2.648065032946259,13.368177092885295,3.6562517819325975
276,76,top_short,2.7328419695842077,15.018816443267887,3.8754117772525656
277,77,top_short,2.6449656486220463,11.445057163427702,3.3830544133116898
278,78,top_short,2.5703971235778136,11.233105287982365,3.3515825050239125
279,79,top_short,2.6805875563622967,11.221399162856319,3.3498356919192798
280,80,top_short,2.9025154355707925,15.506879089077744,3.937877485280331
281,81,top_short,2.434305403074983,10.491660727801827,3.2390833159710213
282,82,top_short,2.950648463491471,17.373252508361624,4.168123379695187
283,83,top_short,2.769568573245671,15.729245564480363,3.9660112915220456
284,84,top_short,2.792795855445458,13.788321221094659,3.7132628806879078
285,85,top_short,2.7034922008064197,12.301058406218337,3.5072864733606144
286,86,top_short,2.805868267502414,12.14355763666139,3.484760771797885
287,87,top_short,2.6220457427211206,12.529175723173724,3.5396575714571212
288,88,top_short,2.967158586118832,18.630508153386394,4.316307235749837
289,89,top_short,2.793097090681575,14.51842728943089,3.8103054063199306
290,90,top_short,2.271369016601909,8.544862541049763,2.9231596844937777
291,91,top_short,2.7020076197393803,12.816495428977381,3.580013328044657
292,92,top_short,2.752637619277011,13.709871634245433,3.7026843822077833
293,93,top_short,2.6015221463771185,11.998574543085068,3.463895862043931
294,94,top_short,2.603205203892721,11.33463404543179,3.3666948251113866
295,95,top_short,2.5758353951193063,11.626551423485054,3.4097729284345393
296,96,top_short,2.696439983423574,13.864107627052388,3.72345372296372
297,97,top_short,2.369516717623879,8.35046450277014,2.8897170281482825
298,98,top_short,2.6944679708153663,12.284266519662632,3.504891798567059
299,99,top_short,2.8117099343223813,14.781202715075189,3.8446329753404536
